# map4

boundary 0.0 0.0 0.0 14.0 10.0 10.0

block  0.0  4.0  0.0   1.0  10.0  10.0   255   0   0
block  0.0  0.0  0.0   3.0  3.0   10.0   255   0   0
block  2.0  0.0  0.0   3.0  8.0   10.0   255   0   0

block  4.5  6.0  0.0   5.5  10.0  10.0   255   0   0
block  4.5  4.0  0.0   5.5  6.0   3.5    255   0   0
block  4.5  4.0  6.5   5.5  6.0   10.0   255   0   0

block  4.5  0.0  0.0   5.5  4.0   10.0   255   0   0
block  6.0  0.0  0.0   7.0  10.0  2.0    255   0   0
block  6.0  8.5  2.0   7.0  10.0  8.0    255   0   0

block  6.0  4.0  2.0   7.0  7.5   8.0    255   0   0
block  6.0  0.0  2.0   7.0  2.0   8.0    255   0   0
block  6.0  0.0  8.0   7.0  10.0  10.0   255   0   0

block  8.5  5.0  0.0   9.5  9.0   10.0   255   0   0
block  8.5  1.5  0.0   11.0 3.5   10.0   255   0   0
block  8.5  0.0  0.0   13.0 0.5   10.0   255   0   0

block  10.5 3.5  0.0   11.0 10.0  10.0   255   0   0
block  11.0 3.0  0.0   13.0 10.0  10.0   255   0   0
block  11.5 0.5  0.0   13.0 2.0   10.0   255   0   0